1.57174,0
1.51593,0.0558096
1.53069,0.03544
1.50782,0.0339269
1.5179,0.0281459
1.5284,0.0252651
1.52111,0.0225623
1.52428,0.0197952
1.51668,0.0190383
1.51248,0.0175403
1.51553,0.0161567
1.51365,0.0148687
1.50933,0.0143409
1.5068,0.0135161
1.50522,0.0126824
1.5044,0.0118911
1.50213,0.0113987
1.50105,0.0108007
1.49998,0.010273
1.49893,0.00980176
1.49754,0.00942671
1.50042,0.00943813
1.49884,0.00915603
1.49986,0.00882519
1.4993,0.00848317
1.49953,0.00815368
1.50027,0.00788024
1.49972,0.0076131
1.50166,0.00759829
1.50201,0.00734866
1.50185,0.00710935
1.50382,0.00715854
1.50497,0.0070342
1.50484,0.00682546
1.50402,0.00667888
1.50424,0.00649448
1.50364,0.00634503
1.50236,0.0063064
1.50382,0.00631448
1.50229,0.00634325
1.50321,0.00625541
1.50266,0.00612962
1.50246,0.00598871
1.5021,0.00586239
1.50179,0.00573877
1.5011,0.00565517
1.5018,0.00557835
1.5019,0.00546179
1.50242,0.00537371
1.50209,0.00527534
1.50285,0.00522678
1.50286,0.00512528
1.50337,0.00505357
1.50293,0.00497816
1.50225,0.00493392
1.5036,0.0050293
1.50314,0.00496152
1.50398,0.00494584
1.50442,0.00488149
1.50502,0.00483712
1.50445,0.00479138
1.50493,0.00473753
1.50461,0.00467256
1.5044,0.00460379
1.50487,0.00455662
1.5037,0.0046369
1.50279,0.0046561
1.50345,0.00463427
1.50402,0.00460105
1.50394,0.00453542
1.5032,0.00453198
1.50225,0.00456962
1.50221,0.00450677
1.50108,0.00458569
1.50039,0.00457637
1.49946,0.00461127
1.49971,0.00455819
1.49972,0.00449937
1.49966,0.00444238
1.50028,0.00443062
1.49986,0.00439628
1.50044,0.00438106
1.50045,0.00432796
1.50061,0.00427935
1.50112,0.00425888
1.50102,0.00421023
1.50122,0.00416649
1.50073,0.0041488
1.50168,0.00421092
1.5017,0.00416394
1.50221,0.00414977
1.50174,0.0041316
1.50249,0.00415476
1.50215,0.00412399
1.50208,0.00408108
1.50171,0.00405469
1.50145,0.00402095
1.50137,0.00398054
1.50149,0.00394196
1.50115,0.00391702
