5.08055,0
5.04169,0.0388553
5.1041,0.0663117
5.1043,0.0468899
5.06959,0.0502364
5.04091,0.0500494
5.02394,0.0455785
5.03864,0.0421231
5.03557,0.037276
5.03721,0.0333811
5.0448,0.0311325
5.04371,0.0284409
5.03097,0.0290954
5.03228,0.0269687
5.02717,0.0256204
5.03996,0.0271643
5.03032,0.0272768
5.01767,0.0286593
5.02122,0.0273399
5.01292,0.0272334
5.00901,0.0261969
5.00782,0.0250059
5.00253,0.0244731
5.00389,0.0234706
5.00275,0.022541
5.00702,0.0220743
5.00834,0.0212815
5.00854,0.0205085
5.01386,0.0204895
5.01095,0.0200074
5.00975,0.0193882
5.00872,0.018801
5.00568,0.0184748
5.00721,0.0179885
5.00227,0.0181511
5.00158,0.0176533
5.0051,0.0175267
5.00433,0.0170766
5.00726,0.01689
5.00646,0.0164822
5.00515,0.0161283
5.00306,0.0158774
5.00321,0.0155044
5.00828,0.0159754
5.00683,0.015684
5.00757,0.0153571
5.00672,0.0150508
5.00504,0.0148289
5.0032,0.0146402
5.00293,0.0143468
5.00343,0.0140715
5.00261,0.0138225
4.99989,0.0138294
4.99696,0.0138826
4.99794,0.0136626
4.99561,0.0136176
4.997,0.0134494
4.99407,0.0135365
4.99451,0.0133123
4.99708,0.0133383
4.99611,0.0131539
4.99864,0.0131854
4.99924,0.0129881
4.99884,0.0127896
5.00051,0.0127012
5.00323,0.0127995
5.00546,0.0128032
5.00371,0.0127343
5.00266,0.012592
5.0032,0.0124225
5.0028,0.0122528
5.00407,0.0121481
5.0042,0.0119812
5.00527,0.0118668
5.00628,0.0117504
5.00693,0.0116132
5.00668,0.0114642
5.00431,0.0115611
5.00592,0.0115271
5.00793,0.0115577
5.00648,0.0115051
5.00568,0.0113923
5.00536,0.0112589
5.01012,0.0121011
5.0087,0.0120414
5.00971,0.0119431
5.00964,0.0118053
5.00697,0.0119735
5.00464,0.0120642
5.00215,0.0121864
5.00257,0.012059
5.00207,0.0119378
5.00209,0.0118088
5.00103,0.0117307
5.00138,0.0116119
5.00043,0.0115299
4.99963,0.0114386
4.9998,0.0113226
4.99911,0.011229
4.99659,0.0113983
