0,0,0
0.00461329,0,0
0.00922657,0,0
0.0138399,0,0
0.0184531,0,0
0.0230664,0,0
0.0276797,0,0
0.032293,0,0
0.0369063,0,0
0.0415196,0,0
0.0461329,0,0
0.0507461,0,0
0.0553594,0,0
0.0599727,0,0
0.064586,0,0
0.0691993,0,0
0.0738126,0,0
0.0784259,0,0
0.0830391,0,0
0.0876524,0,0
0.0922657,0,0
0.096879,0,0
0.101492,0,0
0.106106,0,0
0.110719,0,0
0.115332,0,0
0.119945,0,0
0.124559,0,0
0.129172,0,0
0.133785,0,0
0.138399,0,0
0.143012,0,0
0.147625,0,0
0.152238,0,0
0.156852,0,0
0.161465,0,0
0.166078,0,0
0.170692,0,0
0.175305,0,0
0.179918,0,0
0.184531,0,0
0.189145,0,0
0.193758,0,0
0.198371,0,0
0.202985,0,0
0.207598,0,0
0.212211,0,0
0.216824,0,0
0.221438,0,0
0.226051,0,0
0.230664,0,0
0.235278,0,0
0.239891,0,0
0.244504,0,0
0.249117,0,0
0.253731,0,0
0.258344,0,0
0.262957,0,0
0.267571,0,0
0.272184,0,0
0.276797,0,0
0.28141,0,0
0.286024,0,0
0.290637,0,0
0.29525,0,0
0.299864,0,0
0.304477,0,0
0.30909,0,0
0.313703,0,0
0.318317,0,0
0.32293,0,0
0.327543,0,0
0.332157,0,0
0.33677,0,0
0.341383,0,0
0.345996,0,0
0.35061,0,0
0.355223,0,0
0.359836,0,0
0.36445,0,0
0.369063,0,0
0.373676,0,0
0.378289,0,0
0.382903,0,0
0.387516,0,0
0.392129,0,0
0.396743,0,0
0.401356,0,0
0.405969,0,0
0.410582,0,0
0.415196,0,0
0.419809,0,0
0.424422,0,0
0.429036,0,0
0.433649,0,0
0.438262,0,0
0.442875,0,0
0.447489,0,0
0.452102,0,0
0.456715,0,0
0.461329,0,0
0.465942,0,0
0.470555,0,0
0.475168,0,0
0.479782,0,0
0.484395,0,0
0.489008,0,0
0.493622,0,0
0.498235,0,0
0.502848,0,0
0.507461,0,0
0.512075,0,0
0.516688,0,0
0.521301,0,0
0.525915,0,0
0.530528,0,0
0.535141,0,0
0.539754,0,0
0.544368,0,0
0.548981,0,0
0.553594,0,0
0.558208,0,0
0.562821,0,0
0.567434,0,0
0.572047,0,0
0.576661,0,0
0.581274,0,0
0.585887,0,0
0.590501,0,0
0.595114,0,0
0.599727,0,0
0.60434,0,0
0.608954,0,0
0.613567,0,0
0.61818,0,0
0.622794,0,0
0.627407,0,0
0.63202,0,0
0.636633,0,0
0.641247,0,0
0.64586,0,0
0.650473,0,0
0.655087,0,0
0.6597,0,0
0.664313,0,0
0.668926,0,0
0.67354,0,0
0.678153,0,0
0.682766,0,0
0.68738,0,0
0.691993,0,0
0.696606,0,0
0.701219,0,0
0.705833,0,0
0.710446,0,0
0.715059,0,0
0.719673,0,0
0.724286,0,0
0.728899,0,0
0.733512,0,0
0.738126,0,0
0.742739,0,0
0.747352,0,0
0.751966,0,0
0.756579,0,0
0.761192,0,0
0.765805,0,0
0.770419,0,0
0.775032,0,0
0.779645,0,0
0.784259,0,0
0.788872,0,0
0.793485,0,0
0.798098,0,0
0.802712,0,0
0.807325,0,0
0.811938,0,0
0.816552,0,0
0.821165,0,0
0.825778,0,0
0.830391,0,0
0.835005,0,0
0.839618,0,0
0.844231,0,0
0.848845,0,0
0.853458,0,0
0.858071,0,0
0.862684,0,0
0.867298,0,0
0.871911,3.03979e-06,3.0276e-06
0.876524,0,0
0.881138,1.19065e-05,5.85722e-06
0.885751,3.38765e-05,9.85494e-06
0.890364,0.000103494,1.9809e-05
0.894977,0.00022507,2.5619e-05
0.899591,0.000459824,3.99474e-05
0.904204,0.00116899,6.18668e-05
0.908817,0.0022262,7.53356e-05
0.913431,0.00444087,0.000124472
0.918044,0.00827458,0.000165094
0.922657,0.0142666,0.000197879
0.92727,0.0239907,0.000249883
0.931884,0.039375,0.000398772
0.936497,0.0614561,0.000431087
0.94111,0.0934709,0.000564089
0.945724,0.137958,0.000751574
0.950337,0.196032,0.000882301
0.95495,0.271323,0.000936025
0.959563,0.367732,0.00123814
0.964177,0.483819,0.00132669
0.96879,0.627421,0.0015739
0.973403,0.791252,0.00164334
0.978017,0.980761,0.00191457
0.98263,1.18972,0.00209604
0.987243,1.42554,0.00240335
0.991856,1.67909,0.0024948
0.99647,1.94583,0.00277484
1.00108,2.22659,0.0025731
1.0057,2.51707,0.00267291
1.01031,2.80715,0.00306071
1.01492,3.08979,0.00283718
1.01954,3.37538,0.00310719
1.02415,3.64081,0.00287729
1.02876,3.89305,0.00286261
1.03338,4.11288,0.00309666
1.03799,4.32579,0.00294776
1.0426,4.49656,0.00313007
1.04722,4.64529,0.00334412
1.05183,4.76039,0.00344032
1.05644,4.84661,0.00375205
1.06106,4.90841,0.00376958
1.06567,4.9374,0.00361766
1.07028,4.92603,0.00361153
1.0749,4.8951,0.00391221
1.07951,4.8245,0.00342123
1.08412,4.74121,0.00321015
1.08874,4.64233,0.00393731
1.09335,4.5114,0.00384594
1.09796,4.36648,0.00376999
1.10258,4.20449,0.00316936
1.10719,4.04196,0.00354665
1.1118,3.85549,0.00335633
1.11642,3.66652,0.00311333
1.12103,3.47379,0.00287572
1.12564,3.27736,0.00289663
1.13026,3.07923,0.00251963
1.13487,2.88645,0.00264474
1.13948,2.69149,0.00208068
1.14409,2.50106,0.00237841
1.14871,2.32421,0.00217282
1.15332,2.14516,0.0020629
1.15793,1.97167,0.00196932
1.16255,1.80921,0.00224813
1.16716,1.65663,0.0018082
1.17177,1.5078,0.00173976
1.17639,1.37184,0.00148219
1.181,1.2427,0.00144817
1.18561,1.12365,0.0013982
1.19023,1.01237,0.0014212
1.19484,0.910385,0.00143475
1.19945,0.815428,0.0012895
1.20407,0.727639,0.00113306
1.20868,0.648731,0.00126762
1.21329,0.574274,0.00107863
1.21791,0.509136,0.00103419
1.22252,0.45022,0.00104571
1.22713,0.398304,0.00109461
1.23175,0.349478,0.000920352
1.23636,0.306158,0.000928653
1.24097,0.267644,0.000890381
1.24559,0.233765,0.000786369
1.2502,0.202959,0.000709762
1.25481,0.17727,0.00071376
1.25943,0.152997,0.000683764
1.26404,0.134079,0.000543034
1.26865,0.115775,0.000540807
1.27327,0.0997286,0.000560955
1.27788,0.0874503,0.000482123
1.28249,0.0762302,0.000453211
1.28711,0.0662126,0.000393612
1.29172,0.058835,0.000417341
1.29633,0.0528649,0.000358038
1.30095,0.0480028,0.000366173
1.30556,0.0442144,0.000392036
1.31017,0.0424928,0.000368002
1.31479,0.0405551,0.000329169
1.3194,0.0405631,0.000335595
1.32401,0.0407456,0.0003357
1.32863,0.042726,0.000362934
1.33324,0.0458757,0.000323527
1.33785,0.049283,0.000343847
1.34247,0.0545529,0.000340014
1.34708,0.0593237,0.000365552
1.35169,0.0667064,0.000430551
1.35631,0.0741448,0.000462643
1.36092,0.0834103,0.000443516
1.36553,0.0934389,0.000461127
1.37015,0.104089,0.000478835
1.37476,0.117173,0.000549328
1.37937,0.13198,0.000546428
1.38399,0.146988,0.000560855
1.3886,0.164099,0.000569792
1.39321,0.181642,0.000564582
1.39783,0.202924,0.000647068
1.40244,0.223727,0.000711954
1.40705,0.246858,0.000686564
1.41167,0.27247,0.000693325
1.41628,0.29886,0.000642241
1.42089,0.325506,0.000762217
1.42551,0.355623,0.000771375
1.43012,0.386486,0.000807884
1.43473,0.418892,0.000870689
1.43935,0.451642,0.00076679
1.44396,0.485301,0.000794114
1.44857,0.521722,0.000855465
1.45319,0.555487,0.000799993
1.4578,0.592794,0.000839564
1.46241,0.627537,0.000968173
1.46702,0.66464,0.000923608
1.47164,0.698331,0.000979112
1.47625,0.73313,0.00086002
1.48086,0.766696,0.00103564
1.48548,0.797471,0.000923307
1.49009,0.830094,0.00109157
1.4947,0.857017,0.00113279
1.49932,0.88306,0.00124138
1.50393,0.905122,0.00123504
1.50854,0.925216,0.00119656
1.51316,0.94088,0.00112846
1.51777,0.956337,0.00129875
1.52238,0.964857,0.00126802
1.527,0.972317,0.00119257
1.53161,0.975741,0.00122332
1.53622,0.973725,0.00121534
1.54084,0.967327,0.00137019
1.54545,0.959314,0.00118111
1.55006,0.945769,0.00132164
1.55468,0.931503,0.0012071
1.55929,0.91381,0.00121021
1.5639,0.891329,0.00115545
1.56852,0.866963,0.00121136
1.57313,0.840403,0.00117623
1.57774,0.809565,0.000987592
1.58236,0.780121,0.00102925
1.58697,0.747419,0.000817389
1.59158,0.711469,0.000915451
1.5962,0.67717,0.000811538
1.60081,0.64182,0.000858101
1.60542,0.606062,0.000843885
1.61004,0.569447,0.000802929
1.61465,0.533118,0.000717448
1.61926,0.4991,0.000786065
1.62388,0.464688,0.000662384
1.62849,0.431798,0.000693376
1.6331,0.399986,0.000705438
1.63772,0.369335,0.00072946
1.64233,0.341896,0.000732832
1.64694,0.315044,0.000665446
1.65156,0.291436,0.000661876
1.65617,0.26849,0.000681238
1.66078,0.248541,0.000696943
1.6654,0.232072,0.000641272
1.67001,0.216916,0.000641117
1.67462,0.205269,0.000611087
1.67924,0.196164,0.000647686
1.68385,0.190659,0.000651858
1.68846,0.18758,0.00062269
1.69308,0.188421,0.000641956
1.69769,0.193159,0.000638595
1.7023,0.201366,0.000751662
1.70692,0.212475,0.000703469
1.71153,0.229419,0.000710526
1.71614,0.24964,0.000816292
1.72076,0.275354,0.000789933
1.72537,0.305203,0.000799781
1.72998,0.341642,0.000882179
1.7346,0.382458,0.00085586
1.73921,0.428004,0.000882273
1.74382,0.479614,0.000992981
1.74844,0.535843,0.00102728
1.75305,0.599867,0.00104614
1.75766,0.668545,0.00105171
1.76228,0.74352,0.00116629
1.76689,0.82283,0.00110657
1.7715,0.908545,0.00114734
1.77612,1.00017,0.00118672
1.78073,1.09295,0.00107308
1.78534,1.19318,0.00110144
1.78995,1.29378,0.00127939
1.79457,1.40198,0.00113574
1.79918,1.50939,0.00115275
1.80379,1.61866,0.00122418
1.80841,1.72767,0.00130643
1.81302,1.83568,0.00107508
1.81763,1.94007,0.00122352
1.82225,2.04479,0.00138109
1.82686,2.14455,0.00137908
1.83147,2.24193,0.00143612
1.83609,2.32905,0.0016087
1.8407,2.41206,0.00153141
1.84531,2.48522,0.00167105
1.84993,2.54931,0.00164433
1.85454,2.60958,0.00197235
1.85915,2.65185,0.00183726
1.86377,2.68657,0.00188724
1.86838,2.71365,0.00184246
1.87299,2.72558,0.00185523
1.87761,2.72557,0.00225489
1.88222,2.7155,0.00206036
1.88683,2.6925,0.00204245
1.89145,2.66019,0.00197691
1.89606,2.61972,0.00180872
1.90067,2.56871,0.00201839
1.90529,2.50834,0.00170901
1.9099,2.43409,0.00190258
1.91451,2.36078,0.00174441
1.91913,2.27346,0.00165396
1.92374,2.18537,0.00147039
1.92835,2.0923,0.00135317
1.93297,1.99424,0.00122285
1.93758,1.89523,0.00134147
1.94219,1.7931,0.00120555
1.94681,1.69007,0.00128467
1.95142,1.58893,0.000983547
1.95603,1.48627,0.000992186
1.96065,1.38834,0.000925984
1.96526,1.29056,0.00100238
1.96987,1.19642,0.000881716
1.97449,1.10785,0.00104356
1.9791,1.02237,0.000965299
1.98371,0.943024,0.000993597
1.98833,0.866699,0.000887355
1.99294,0.796651,0.000987643
1.99755,0.732344,0.00102576
2.00217,0.67312,0.000959272
2.00678,0.622821,0.000958031
2.01139,0.576677,0.00101907
2.01601,0.53669,0.000914245
2.02062,0.502129,0.000986847
2.02523,0.474202,0.000892459
2.02985,0.454271,0.000925696
2.03446,0.438692,0.000910707
2.03907,0.429228,0.000924663
2.04369,0.424288,0.000885957
2.0483,0.425506,0.000819937
2.05291,0.431625,0.000928969
2.05753,0.441987,0.000949077
2.06214,0.457187,0.000861634
2.06675,0.476577,0.000807461
2.07137,0.499439,0.000835512
2.07598,0.524829,0.00076715
2.08059,0.553948,0.000714989
2.08521,0.583992,0.000719381
2.08982,0.616125,0.000708272
2.09443,0.651938,0.000699739
2.09905,0.687583,0.000816638
2.10366,0.723704,0.000623065
2.10827,0.759815,0.000632181
2.11288,0.793369,0.000710676
2.1175,0.829201,0.000687313
2.12211,0.860773,0.000803791
2.12672,0.890898,0.000712259
2.13134,0.920499,0.000743875
2.13595,0.945869,0.000703684
2.14056,0.968773,0.000816876
2.14518,0.989355,0.000784598
2.14979,1.00477,0.000964648
2.1544,1.01962,0.000918748
2.15902,1.02643,0.000903231
2.16363,1.03265,0.000947575
2.16824,1.03426,0.00103916
2.17286,1.03053,0.00102192
2.17747,1.02627,0.000972308
2.18208,1.01569,0.000846606
2.1867,1.00289,0.000955217
2.19131,0.987869,0.000965164
2.19592,0.962383,0.000935848
2.20054,0.905405,0.000837779
2.20515,0.882242,0.000779498
2.20976,0.859648,0.000758714
2.21438,0.83511,0.000693682
2.21899,0.807443,0.000749626
2.2236,0.781856,0.000681167
2.22822,0.754937,0.00062823
2.23283,0.726077,0.000644133
2.23744,0.70192,0.00063147
2.24206,0.676426,0.000648663
2.24667,0.651558,0.00064568
2.25128,0.630141,0.000720552
2.2559,0.610224,0.000766438
2.26051,0.594263,0.000766282
2.26512,0.579136,0.000773193
2.26974,0.567944,0.000825766
2.27435,0.559873,0.000895201
2.27896,0.556478,0.00092501
2.28358,0.557078,0.000877422
2.28819,0.560779,0.00105376
2.2928,0.568817,0.00098142
2.29742,0.580216,0.000917952
2.30203,0.596454,0.00093448
