0,0
1,0
1.41388,0.012493
1.73162,0.0130991
1.9991,0.0128702
2.23548,0.012899
2.44949,0.014242
2.64616,0.0146293
2.82875,0.0143163
3.00084,0.0146345
3.16345,0.014566
3.31822,0.0145933
3.46571,0.0149017
3.60816,0.014575
3.74358,0.0146479
3.87426,0.0145112
4.0016,0.0145953
4.12508,0.0148873
4.24509,0.0145315
4.36137,0.0143739
4.47463,0.0140893
4.58543,0.0141653
4.69228,0.0143472
4.79773,0.0138802
4.90081,0.0138473
5.00191,0.0138889
5.10058,0.0142676
5.19742,0.0145495
5.29224,0.0146299
5.38564,0.0147469
5.47721,0.0145832
5.56783,0.0141022
5.65677,0.0142301
5.74536,0.0143872
5.83056,0.0142538
5.9163,0.0138688
6.00042,0.014025
6.08435,0.0139518
6.16496,0.0140636
6.2456,0.0141284
6.32431,0.0143112
6.40222,0.0144223
6.47971,0.0143012
6.55638,0.0140107
6.63299,0.0141289
6.70746,0.0140833
6.78206,0.0143357
6.85569,0.0143432
6.92688,0.0143591
6.99971,0.0145067
7.07186,0.0146021
7.14263,0.0146008
7.21177,0.0146299
7.28126,0.014482
7.35114,0.0145828
7.41911,0.0145288
7.48564,0.0147285
7.55336,0.0147357
7.61877,0.0146657
7.684,0.0144957
7.75006,0.0146167
7.81398,0.0147161
7.87767,0.014681
7.94115,0.0148197
8.00378,0.0147916
8.0656,0.0146778
8.12706,0.0146598
8.18901,0.0144332
8.24953,0.0145327
8.30953,0.0145173
8.37031,0.0145321
8.42934,0.0146144
8.48745,0.014665
8.54637,0.0145263
8.60442,0.0145566
8.66271,0.0146153
8.71978,0.0146931
8.77662,0.0148619
8.83321,0.0146793
8.88941,0.0147574
8.94585,0.0148015
9.0011,0.0147315
9.05685,0.014475
9.1121,0.014645
9.16559,0.0145768
9.21958,0.0145023
9.27337,0.0145369
9.32749,0.0144021
9.38214,0.014284
9.43453,0.0142487
9.48817,0.014128
9.54123,0.01417
9.59349,0.0141472
9.64558,0.0141961
9.69744,0.0141123
9.74828,0.0142274
9.79896,0.0141456
9.85016,0.0141867
9.90183,0.0142712
9.95267,0.0141937
10.002,0.0142019
