0.992807,0
0.981195,0.0116119
0.971042,0.0121666
0.98383,0.015413
0.979965,0.012549
0.970084,0.0142343
0.965064,0.0130356
0.961088,0.0119688
0.951103,0.0145305
0.948777,0.013203
0.946402,0.0121763
0.945577,0.0111459
0.947834,0.0104983
0.948467,0.00974011
0.953363,0.0103051
0.953552,0.00964143
0.948956,0.0101559
0.945635,0.0101348
0.97061,0.026752
0.972058,0.0254205
0.974842,0.0243394
0.975627,0.02322
0.975383,0.0221888
0.977287,0.0213293
0.97734,0.0204584
0.98502,0.021103
0.981565,0.0205983
0.980544,0.0198752
0.977884,0.0193613
0.976402,0.0187634
0.976224,0.0181489
0.980278,0.0180341
0.980957,0.0174922
0.981344,0.0169744
0.986685,0.0173262
0.985819,0.0168603
0.984688,0.0164372
0.984074,0.0160106
0.984375,0.0155976
0.983894,0.0152103
0.982816,0.0148738
0.980818,0.0146522
0.980071,0.0143269
0.979065,0.0140336
0.981381,0.0139123
0.981719,0.0136107
0.982805,0.0133621
0.982225,0.0130936
0.980444,0.0129467
0.97938,0.0127296
0.979547,0.0124787
0.980324,0.012261
0.979023,0.0120975
0.979793,0.0118962
0.979592,0.0116796
0.986043,0.0131591
0.983705,0.0131361
0.984084,0.0129132
0.981563,0.0129405
0.980939,0.0127383
0.979349,0.0126283
0.977981,0.012498
0.976926,0.0123431
0.978058,0.0122014
0.97808,0.0120122
0.978178,0.0118292
0.977962,0.0116534
0.976784,0.0115409
0.976995,0.0113744
0.977197,0.0112125
0.976478,0.0110768
0.975719,0.0109482
0.976416,0.0108197
0.9765,0.0106728
0.976845,0.0105352
0.976141,0.0104195
0.975489,0.0103039
0.974638,0.0102065
0.97361,0.0101287
0.974412,0.0100334
0.974693,0.00991279
0.974176,0.0098048
0.975133,0.00973303
0.973851,0.00970147
0.973955,0.00958721
0.973949,0.00947508
0.975627,0.00951468
0.974954,0.00942995
0.975272,0.0093288
0.975693,0.00923415
0.975273,0.00914174
0.97512,0.00904312
0.974947,0.00894703
0.976172,0.0089356
0.975242,0.00888982
0.975418,0.00879849
0.975531,0.00870805
0.978118,0.00899861
0.977789,0.0089133
0.980192,0.0091451
