0,0
1,0
1.41376,0.0118944
1.73083,0.0133323
1.99996,0.0135581
2.23567,0.0133882
2.45045,0.0134504
2.64696,0.0135264
2.82935,0.0130408
3.00048,0.0128374
3.16245,0.0132439
3.31609,0.0133433
3.464,0.0131159
3.60603,0.0135384
3.7419,0.0134621
3.87409,0.0134638
4.00092,0.013199
4.12466,0.0132813
4.24443,0.0132949
4.36098,0.0133887
4.47348,0.0137345
4.58341,0.0140343
4.69134,0.0141108
4.79642,0.0139646
4.89939,0.014147
5.00054,0.0140425
5.09893,0.013875
5.19681,0.0140616
5.29124,0.0142436
5.38383,0.0142201
5.47546,0.0141836
5.56655,0.014262
5.65435,0.0144665
5.74125,0.0146758
5.82745,0.0144817
5.91267,0.0145887
5.99741,0.0145952
6.07978,0.0145621
6.16176,0.014516
6.24189,0.014485
6.32164,0.014701
6.4002,0.0146437
6.47786,0.0145677
6.55433,0.0143386
6.63023,0.0144165
6.70547,0.0146406
6.78009,0.0145726
6.85383,0.0146304
6.9264,0.0146828
6.99867,0.0147764
7.07009,0.0146758
7.14003,0.0148335
7.20973,0.0148907
7.27869,0.0150691
7.34676,0.0149432
7.41417,0.0149091
7.48211,0.0149184
7.54813,0.0147802
7.61455,0.014957
7.67955,0.0149155
7.74437,0.0149667
7.80867,0.015069
7.87376,0.0149217
7.93737,0.0148156
8.00117,0.0148315
8.06269,0.0146148
8.12542,0.0145766
8.18702,0.0147743
8.24787,0.014808
8.30809,0.0148733
8.3677,0.0147
8.42699,0.0147396
8.48554,0.0150375
8.54412,0.0152434
8.60259,0.015243
8.65984,0.0151522
8.71757,0.0151384
8.7758,0.0151951
8.83326,0.0152595
8.88914,0.0153799
8.94549,0.0153586
9.00108,0.0155733
9.05734,0.0155262
9.11338,0.0152219
9.16851,0.01516
9.22275,0.0151353
9.27755,0.0151043
9.33135,0.0152004
9.38426,0.0150316
9.43611,0.0153736
9.48962,0.0155057
9.54198,0.0154878
9.59401,0.0153723
9.64564,0.0153648
9.6963,0.0151547
9.74718,0.0151714
9.79845,0.0151091
9.85034,0.0150141
9.90019,0.0149584
9.95093,0.0148033
10.0008,0.0146702
