3.1746,0
3.13649,0.0381149
3.14891,0.0252712
3.1407,0.0196652
3.15154,0.0186941
3.13924,0.0196058
3.14513,0.0175869
3.14039,0.0159517
3.14825,0.0161151
3.14855,0.0144169
3.15038,0.0131691
3.14827,0.0122064
3.14793,0.0112334
3.14989,0.0105842
3.15065,0.00988225
3.15454,0.0100282
3.15459,0.00942003
3.15254,0.00911474
3.14847,0.00953095
3.14677,0.00920045
3.14802,0.00883953
3.14946,0.00854991
3.14772,0.00835137
3.14739,0.00800278
3.14851,0.00775758
3.14668,0.00767606
3.14737,0.00741875
3.14675,0.00717609
3.14829,0.00709403
3.149,0.00689011
3.14862,0.0066749
3.14925,0.00649344
3.14943,0.00629636
3.14848,0.00618294
3.14973,0.00613308
3.15007,0.00597011
3.14955,0.00583005
3.14933,0.00567865
3.14772,0.00576157
3.14687,0.00567992
3.14879,0.00586469
3.14756,0.00585583
3.14976,0.00612842
3.15123,0.00616604
3.15157,0.00603667
3.15118,0.00591635
3.15136,0.00579184
3.15232,0.00575059
3.15173,0.00566291
3.15052,0.00567908
3.15081,0.00557424
3.1496,0.00559784
3.14858,0.0055864
3.14769,0.00555299
3.14747,0.00545551
3.14778,0.00536589
3.14785,0.00527145
3.14833,0.00520156
3.14905,0.00516269
3.14828,0.00513315
3.14688,0.00523925
3.14657,0.00516358
3.14604,0.00510775
3.14555,0.00505148
3.14541,0.00497513
3.14497,0.0049193
3.14429,0.00489163
3.14319,0.00494455
3.14276,0.00489114
3.14326,0.00484692
3.14407,0.00484653
3.14389,0.00478235
3.1436,0.00472542
3.14312,0.00468588
3.14346,0.00463558
3.14387,0.0045925
3.14324,0.00457494
3.14343,0.00451981
3.14317,0.00447005
3.14259,0.00445175
3.14258,0.00439645
3.14221,0.00435846
3.1417,0.00433559
3.14196,0.00429168
3.14116,0.00431611
3.14219,0.00438696
3.14261,0.00435662
3.14248,0.00430867
3.14286,0.00427688
3.14233,0.00426216
3.14226,0.0042157
3.14248,0.00417566
3.14209,0.0041487
3.14171,0.00412266
3.14205,0.0040937
3.14121,0.00413741
3.14111,0.00409575
3.1414,0.00406413
3.14139,0.00402288
3.14134,0.00398276
