0.501229,0
0.502246,0.00101735
0.500172,0.0021565
0.500519,0.0015639
0.501589,0.00161659
0.501903,0.00135681
0.502078,0.00115991
0.5019,0.00102009
0.501376,0.0010411
0.501438,0.000933196
0.501209,0.000874623
0.501001,0.000824833
0.501198,0.000783664
0.501178,0.0007258
0.500974,0.000705679
0.500629,0.000745135
0.500753,0.000710878
0.50063,0.000681469
0.500732,0.000652667
0.500843,0.000629163
0.500901,0.000601209
0.500859,0.000574794
0.500544,0.000632785
0.500636,0.000612672
0.500811,0.000613361
0.50076,0.000591516
0.50103,0.000629747
0.501211,0.000633482
0.501218,0.000611284
0.50115,0.0005945
0.501155,0.000575031
0.501046,0.000567419
0.500897,0.000569724
0.500812,0.000559249
0.500699,0.000554602
0.500754,0.000541715
0.500844,0.000534641
0.500839,0.000520406
0.500928,0.000514588
0.500892,0.000502881
0.500922,0.00049137
0.500951,0.000480405
0.500906,0.000471193
0.500781,0.000477153
0.500906,0.000483016
0.50087,0.000473777
0.500768,0.000474776
0.500612,0.000490261
0.50058,0.00048117
0.5006,0.000471844
0.50052,0.000469292
0.50053,0.00046029
0.500525,0.000451549
0.500428,0.000453738
0.500456,0.000446334
0.50047,0.000438502
0.500461,0.000430821
0.500454,0.000423391
0.500478,0.000416834
0.500455,0.000410459
0.50039,0.00040884
0.500355,0.000403787
0.500304,0.000400522
0.500274,0.000395391
0.500217,0.000393348
0.500222,0.000387371
0.500194,0.000382516
0.500248,0.000380566
0.500219,0.000376094
0.500283,0.000376088
0.500293,0.000370889
0.500306,0.000365965
0.500321,0.000361216
0.500336,0.000356607
0.500335,0.000351821
0.500324,0.000347351
0.500308,0.000343184
0.500291,0.000339161
0.500246,0.000337892
0.500257,0.000333845
0.500269,0.000329901
0.50023,0.000328178
0.500198,0.000325739
0.500161,0.000323978
0.50011,0.000324234
0.500071,0.0003228
0.500103,0.000320698
0.500102,0.000317036
0.5001,0.000313458
0.50006,0.000312566
0.50013,0.000316951
0.500127,0.000313501
0.500098,0.000311477
0.500107,0.000308275
0.500127,0.00030571
0.500184,0.000307688
0.500144,0.000307067
0.500144,0.000303917
0.50012,0.000301838
0.500115,0.000298838
