100.8
80.6
84.6
89.4
96
91.66
98.54
92.84
120
92.44
106.04
103.12
110.24
77.62
117.22
97.32
103.66
91.86
85.18
120.12
96.28
77.14
113.2
113.56
113.42
120.44
90.86
91.16
117.72
130.14
97.24
76.96
89.68
114.14
100.52
92.2
90.68
112.38
104.34
78.8
120.9
89.38
94.82
107.24
94.94
107.9
105.68
111.34
94.62
109.6
125.4
100.48
89.68
94.36
81.54
102.28
99.4
110.76
93.74
102.34
105.84
82.76
108.7
106.54
106.24
100.72
101.22
82.12
97.24
102.12
85.32
123.72
86.08
94.66
99.86
120.42
102.38
95.64
122.46
123.5
103.94
89.48
83.8
92.48
82.04
88.88
88.52
103.6
111.42
109.66
90.4
87.88
94.82
95
84.7
89.28
112.3
95.68
104.64
111.18
