0.0830369,0
0.0829749,6.20139e-05
0.0831813,0.000209482
0.0832363,0.000158041
0.0834576,0.000252822
0.0834045,0.000213134
0.0834132,0.00018034
0.0833239,0.000179922
0.0832896,0.000162329
0.0833132,0.000147098
0.0833233,0.000133434
0.083342,0.000123239
0.0833375,0.000113451
0.0833153,0.000107366
0.0833888,0.000124058
0.0833275,0.000131201
0.083341,0.000123978
0.0834121,0.000136776
0.0834042,0.000129615
0.0834616,0.000135712
0.0834439,0.000130298
0.0834197,0.000126579
0.0834188,0.000120954
0.0834066,0.000116441
0.083368,0.000118176
0.0834549,0.000143016
0.0834319,0.000139535
0.0834459,0.000135184
0.0834664,0.000132043
0.083435,0.000131369
0.0834353,0.000127061
0.0834383,0.000123063
0.0834401,0.000119288
0.0834463,0.000115892
0.0834552,0.000112889
0.0834292,0.000112751
0.0834277,0.000109672
0.0834273,0.000106748
0.0834459,0.000105617
0.0834564,0.000103481
0.0834377,0.000102651
0.0834236,0.000101159
0.083442,0.000100472
0.0834599,9.97794e-05
0.0834444,9.8756e-05
0.0834382,9.67831e-05
0.0834084,9.92975e-05
0.0833902,9.8881e-05
0.0833845,9.70107e-05
0.0833725,9.58125e-05
0.0833554,9.54574e-05
0.0833577,9.36316e-05
0.0833526,9.19853e-05
0.0833408,9.10397e-05
0.083355,9.04982e-05
0.0833563,8.88757e-05
0.0833544,8.73228e-05
0.0833485,8.60045e-05
0.0833376,8.52324e-05
0.0833555,8.5696e-05
0.0833581,8.43181e-05
0.0833624,8.30584e-05
0.0833689,8.19847e-05
0.0833793,8.13601e-05
0.0833583,8.28023e-05
0.0833556,8.15827e-05
0.0833624,8.06432e-05
0.0833697,7.97897e-05
0.0833591,7.93433e-05
0.083362,7.82562e-05
0.0833558,7.73995e-05
0.0833452,7.70388e-05
0.0833398,7.61672e-05
0.0833447,7.52903e-05
0.0833547,7.49397e-05
0.083344,7.47117e-05
0.0833478,7.38305e-05
0.0833447,7.29423e-05
0.0833437,7.20199e-05
0.0833481,7.1251e-05
0.0833563,7.08366e-05
0.0833538,7.00093e-05
0.0833626,6.97131e-05
0.0833543,6.93753e-05
0.0833372,7.06635e-05
0.0833283,7.03999e-05
0.0833381,7.02737e-05
0.0833351,6.95338e-05
0.0833317,6.88351e-05
0.0833363,6.82237e-05
0.083341,6.76321e-05
0.0833282,6.81084e-05
0.0833306,6.74162e-05
0.0833301,6.66973e-05
0.0833361,6.62682e-05
0.0833384,6.56133e-05
0.0833236,6.65921e-05
0.0833183,6.61217e-05
0.0833045,6.68986e-05
0.0832993,6.64314e-05
